-53.765	10.000
-54.088	111.000
-42.281	212.000
-39.092	313.000
-28.735	414.000
-44.866	515.000
-42.740	615.000
-41.365	716.000
-43.064	817.000
-22.098	918.000
-41.517	1019.000
-39.218	1120.000
-34.933	1221.000
-43.162	1322.000
-34.188	1423.000
-42.839	1524.000
-41.659	1625.000
-32.942	1725.000
-46.790	1826.000
-42.530	1927.000
-46.031	2028.000
-48.314	2129.000
-30.118	2230.000
-48.926	2331.000
-47.193	2432.000
-46.125	2533.000
-49.794	2634.000
-42.333	2735.000
-48.755	2835.000
-49.678	2936.000
-43.003	3037.000
-50.767	3138.000
-48.173	3239.000
-49.562	3340.000
-50.626	3441.000
-41.817	3542.000
-50.421	3643.000
-50.253	3744.000
-46.919	3845.000
-50.858	3945.000
-48.759	4046.000
-50.529	4147.000
-50.737	4248.000
-41.774	4349.000
-50.859	4450.000
-50.260	4551.000
-49.520	4652.000
-50.557	4753.000
-47.305	4854.000
-51.052	4955.000
-50.686	5055.000
-47.181	5156.000
-50.295	5257.000
-49.037	5358.000
-50.228	5459.000
-50.005	5560.000
-47.627	5661.000
-50.186	5762.000
-50.019	5863.000
-46.901	5964.000
-49.356	6065.000
-49.873	6165.000
-49.012	6266.000
-49.182	6367.000
-48.794	6468.000
-49.080	6569.000
-49.374	6670.000
-48.493	6771.000
-49.434	6872.000
-49.414	6973.000
-48.359	7074.000
-48.604	7175.000
-48.872	7275.000
-49.130	7376.000
-48.891	7477.000
-48.111	7578.000
-48.435	7679.000
-49.022	7780.000
-48.513	7881.000
-49.015	7982.000
-47.878	8083.000
-48.294	8184.000
-48.746	8285.000
-47.840	8385.000
-48.181	8486.000
-48.311	8587.000
-47.378	8688.000
-48.071	8789.000
-48.294	8890.000
-48.089	8991.000
-48.304	9092.000
-47.318	9193.000
-47.249	9294.000
-47.817	9395.000
-47.687	9495.000
-46.972	9596.000
-46.608	9697.000
-47.433	9798.000
-47.180	9899.000
-46.546	10000.000
